2.988630723795458799e+00
2.939280066664486490e+00
2.719434721749385719e+00
2.903828116950826210e+00
2.921590587267085759e+00
2.925571941463227077e+00
2.846025346119411381e+00
2.847662321468773960e+00
2.806091672773599388e+00
2.558001820878766264e+00
2.941427627783259169e+00
2.910662583270632098e+00
2.951769287073489068e+00
2.829906671992841183e+00
2.945421171558455509e+00
3.034276216340847654e+00
3.020502955291857194e+00
2.933423428043342440e+00
2.740257580465100151e+00
2.798173124339391471e+00
2.571667249162253199e+00
3.117438475766122874e+00
2.910431542095255786e+00
2.855102747489064452e+00
2.665795020971440721e+00
2.954601755404531183e+00
3.071641740067637905e+00
3.097184060310630649e+00
2.714815454489496460e+00
2.660898592428819764e+00
3.255590325200456991e+00
3.126661257806552019e+00
2.843892987858358978e+00
3.011534380622354679e+00
2.850136494805307397e+00
3.209768848716088030e+00
3.293110224149205845e+00
2.935885622636833503e+00
2.937430005176439263e+00
2.888081469416821978e+00
3.279741891176288338e+00
2.753918008455115807e+00
3.013872552446629882e+00
3.231968367281662147e+00
3.025450690809647458e+00
3.085776562894019470e+00
2.946715035970349561e+00
3.061270838999792243e+00
2.910688064596365088e+00
2.829987586780411846e+00
3.007862084698320171e+00
2.751001490384084924e+00
3.144886645793915747e+00
3.221565729281157697e+00
3.163690477367336662e+00
2.950453475935246761e+00
3.162891866086317005e+00
2.806782790026481678e+00
3.063673876767940563e+00
3.137763920285934205e+00
2.846673219826250545e+00
3.042293873995479458e+00
3.252503904370605436e+00
3.013165949004487310e+00
2.915058402585671171e+00
3.277487084736399048e+00
2.741616943176883758e+00
2.835722653302355400e+00
2.881812687349809998e+00
2.969308488879036201e+00
3.213705329943266964e+00
3.069693692461095136e+00
3.167908409102868195e+00
3.118316127943620675e+00
2.957684482929833436e+00
3.014887058936396969e+00
2.952237793392374243e+00
3.221718628739429935e+00
2.888537786955444275e+00
2.978675755057236252e+00
2.963630945853434007e+00
2.999162945898637744e+00
3.170713551025496013e+00
3.008674063198145898e+00
3.121729983177691459e+00
2.890177701729208959e+00
2.952776389844374627e+00
2.992719750719757155e+00
3.008524810135330352e+00
2.654038684747289878e+00
3.058142223139821425e+00
2.989953136051076932e+00
3.119820695930757726e+00
2.737764206048828530e+00
3.074801835285780438e+00
2.842271874734012105e+00
3.042816050798459404e+00
3.069713718346486875e+00
2.758229969238214174e+00
3.093663986644992647e+00
