2.475649589021367281e-01
4.595588375167458661e-01
1.587492576345147288e+00
4.621007366256779658e-01
4.168684900294418461e-02
2.765970988731644709e-03
7.566684869539864744e-01
2.245397818710114790e-01
1.568098960577581635e-01
1.627586109797823088e-01
5.254090029555642527e-01
1.564232155604574181e+00
3.340152085425831530e-01
2.706830089140667139e-01
2.461025552258825078e-01
4.782659863408368350e-01
9.116056198885490458e-01
1.117040539565868684e+00
4.270942128917338265e-01
1.553717105327713011e+00
2.588273528562401005e+00
1.528314354046091984e-02
2.936179646520853392e-01
4.387953980258338382e-01
3.384694382698334447e-01
1.120285660401858507e+00
4.559121783810990425e-01
4.584737736365612770e-01
2.923884935090317883e-01
6.540986415307376012e-01
6.207122193814919031e-01
9.683404682570715405e-01
1.334480093649972332e-01
1.122538802516377943e-01
1.239459216993132884e+00
2.413502881784910792e-01
4.957917259089588136e-01
4.219031951136293368e-01
3.503992911977578673e-01
7.879038838050285154e-01
7.421195281482571016e-01
9.523977945603808726e-01
9.112796057616431300e-01
1.112289121441716599e-01
1.113044093599146744e-01
1.527432920034275998e+00
4.134830272039334842e-01
1.114842349148082556e+00
5.744162769387908991e-03
5.047805178412760885e-01
9.636299907259329167e-01
1.858011658986298831e-01
9.105430198358275273e-01
1.005579066905864100e-01
1.936310018673400857e-01
2.298502492588059554e-01
6.724995069135401501e-03
8.453534337205980131e-01
2.397834158574973507e-01
7.916580275179663229e-02
6.665396586650030875e-01
7.703020535811141434e-01
5.725852299132028894e-02
5.583475729214922023e-02
1.752473353030337480e-02
8.343514825042239180e-02
5.974323436256524511e-01
1.472375775191100966e-01
2.770180395452122468e+00
3.969536074103811041e-01
2.013505583024800261e-01
1.895037627173243033e-01
1.324886347379896634e+00
6.299929553364386203e-01
3.054560356573200686e+00
1.348998560310685768e-01
1.167946736665993246e+00
1.344456876864121408e+00
3.588270865385613018e+00
1.395447370309715329e-01
1.774846039264857955e+00
9.185200712000770595e-01
5.911833514016947566e-01
2.354626314844086160e-02
6.183885163182976930e-02
8.753489489508414767e-02
2.276901850743670297e-01
2.646849916709515527e-01
6.379669072468577840e-01
1.051599534595346608e-01
6.258085940085601484e-01
1.615162609235428759e+00
3.537878587086928928e-01
1.678987012752194696e-01
8.868511671548538755e-02
1.905350724451373157e-01
1.114132862149748604e+00
3.086097169063343193e-01
1.058467344896862228e+00
3.258387244054635201e-01
