-7.579395004563456162e-01
-1.729606686609015176e+00
-7.454755328227491429e-01
-3.441822130381671840e+00
-6.741450781430617933e-01
-1.379164820873477471e+00
-9.021294070344252347e-01
-2.520632581210306533e+00
-1.423727884373914065e+00
-3.192523349694386781e+00
-6.215774179019408763e-01
-1.644274301733540611e+00
-1.313361897271891676e+00
-1.714143843555109292e+00
-3.042573660931210178e+00
-1.511720416187062987e+00
-3.326777295293335435e+00
-2.337845881615266741e+00
-3.317199091578073578e+00
-2.058025042431705920e+00
-3.319970638577016242e+00
-1.691079010830109475e+00
-2.719606417749465432e+00
-9.345286940245571827e-01
-3.466658227325591923e+00
-2.422684634717524599e+00
-3.363758975996416822e+00
-5.266050620702071861e-01
-1.050142292582743719e+00
-1.975633123777260858e+00
-3.091823800391505728e+00
-2.876531027196513879e+00
-3.418712961580572696e+00
2.760286276889005741e-01
-1.673961960583446151e+00
-2.919181706545009192e+00
-1.360697115772584453e+00
-1.589990478003806551e+00
-2.092562909673622684e+00
-1.168029014073157734e+00
-1.280514982589332718e+00
-3.378997350663330401e+00
-8.528447698195147364e-01
-2.355752948440561934e+00
-2.482655712349330468e+00
-1.352324444596871178e+00
-1.706307020601854685e+00
-5.483570537577953985e+00
-3.684604774404253824e+00
-1.710088951108223787e+00
-4.054773247515837120e+00
-1.500878771003531398e+00
-1.515246587142337731e+00
-2.488483281474776820e+00
-1.522991925025822146e+00
-1.893507811135792807e+00
-2.105767307606993377e+00
-4.609273375222164404e+00
-2.645598614635258361e-01
-2.530930774157605700e+00
-1.023512097527639941e+00
-1.239240189769541978e+00
-1.608543763902160695e+00
-3.816164965541430920e-01
-2.514116192304900466e+00
-3.172005842913457663e+00
-8.814249019237925253e-01
-1.855082666538609315e+00
-1.082498047605792379e+00
-1.210649517886099424e+00
-8.641293732053090260e-01
-2.688573648200042854e+00
-2.507616297455248944e+00
-1.725648211992256709e+00
-2.966069890073013138e-01
-1.501262792883470976e+00
-2.870704206190695551e+00
-2.460022723668595646e+00
-8.220555587987552482e-01
-9.575088230419230850e-01
-2.616676776351062106e+00
-2.231362191062686851e+00
-8.045814706710152642e-02
-3.248030357902287779e+00
-2.938746944930274996e+00
-1.934680507864631416e+00
-2.962369517035975619e+00
-3.676735479193514955e+00
-2.085073701966295712e+00
-2.206886754479055135e+00
-2.444745174675445387e+00
-2.214475205949602454e+00
-1.428168646679980114e+00
-3.559555858666494821e+00
5.972553021035453824e-02
-3.678798630616617604e-01
-4.058550122002145599e+00
-1.241851861163436599e+00
-1.323669389959239773e+00
-2.129072055285345044e+00
